40860	0.04644758107035039	0.37925476118333545	0.5742976577463141
40861	0.20413826546909458	0.514964744956447	0.2808969895744585
40862	0.301668678458015	0.6771113505830254	0.021219970958959805
40863	0.1575657194408239	0.4865091504230885	0.35592513013608745
40864	0.23518394854125224	0.300436362020934	0.4643796894378139
40865	0.09715493147969086	0.8577338356562052	0.045111232864103935
40866	0.019211174478110257	0.6071616820833365	0.37362714343855263
40867	0.06940337975499879	0.7401843979217086	0.19041222232329258
40868	0.10850016065099333	0.8712028971665394	0.020296942182467307
40869	0.06696126491108485	0.5858720543745024	0.347166680714413
40870	0.05788574740926512	0.41197792133046207	0.530136331260273
40871	0.17366329254280957	0.7712987696469845	0.05503793781020589
40872	0.14704091981432504	0.7383436056358793	0.11461547454979563
40873	0.04923989218780669	0.7570223623575908	0.19373774545460262
40874	0.7788778818063228	0.17855113936921052	0.042570978824466574
40875	0.9126465347756794	0.08484300321533554	0.0025104620089852906
40876	0.3321791671852977	0.5187907148152996	0.14903011799940286
40877	0.23293122048949985	0.5528190113832574	0.21424976812724297
40878	0.30238169603817316	0.6851597918756727	0.012458512086154177
40879	0.37828771362507285	0.40994822115475416	0.21176406522017296
40880	0.0853590702595807	0.24511430513368823	0.6695266246067308
40881	0.7013004826189191	0.2663194135698843	0.032380103811196846
40882	0.010803614610895157	0.410110085416312	0.579086299972793
40883	0.28261093535165593	0.4548019263297685	0.26258713831857555
40884	0.5516841043580073	0.314445166547569	0.1338707290944238
40885	0.519291816956721	0.3425896031499752	0.13811857989330376
40886	0.06188640407695453	0.23774504440212388	0.7003685515209218
40887	0.13122129462447177	0.8064902145705948	0.062288490804933615
40888	0.29494338182181046	0.38818858829041286	0.3168680298877769
40889	0.44064689871658747	0.5529948097896318	0.0063582914937806555
40890	0.07562909568417933	0.663409199094547	0.26096170522127365
40891	0.11206738918735791	0.7922478099489676	0.09568480086367459
40892	0.7583692312777017	0.23757021409719334	0.0040605546251050225
40893	0.540581808754721	0.41910812642727996	0.040310064817999064
40894	0.521461594856755	0.43365119766310367	0.04488720748014135
40895	0.155491934041002	0.5463764591989928	0.2981316067600051
40896	0.24607954310931446	0.557914390243331	0.19600606664735443
40897	0.4454241388557203	0.4393800156673755	0.11519584547690413
40898	0.3925512168419182	0.5837716010419643	0.02367718211611735
40899	0.6042674742753591	0.34418702818043106	0.051545497544210096
40900	0.3056821055725654	0.5516093901921836	0.1427085042352514
40901	0.4098027295601949	0.5206915466310895	0.06950572380871553
40902	0.023630870380290703	0.6914879132396956	0.2848812163800136
40903	0.35744062220418554	0.6179139594773461	0.024645418318468646
40904	0.08926090896253462	0.7983749880472405	0.11236410299022483
40905	0.07719987950490743	0.8198750704653668	0.10292505002972557
40906	0.0856695911867642	0.8791645252753293	0.03516588353790649
40907	0.10633103371194193	0.23485207392332266	0.658816892364735
40908	0.12143362501799297	0.8366818553237713	0.041884519658235746
40909	0.01029934831495122	0.19714434893095684	0.7925563027540918
40910	0.01896822615945002	0.2904165552375194	0.6906152186030304
40911	0.7431232328547116	0.2423342749457021	0.014542492199586239
40912	0.009265320764132452	0.3970928139712217	0.5936418652646457
40913	0.09567096672351671	0.659060373515571	0.24526865976091203
40914	0.011580883331363642	0.7404184181006441	0.24800069856799237
40915	0.06255599668584773	0.4522207283397496	0.48522327497440243
40916	0.7972343229117528	0.1965303417043836	0.006235335383863561
40917	0.18683079122013727	0.774312649795578	0.038856558984284875
40918	0.5566263490783745	0.38332490067470515	0.06004875024692035
40919	0.22338124092845923	0.7264355059701693	0.05018325310137134
40920	0.44576752418728416	0.5458358715611762	0.008396604251539841
40921	0.44359531375671074	0.5332194610141766	0.02318522522911269
40922	0.12365782995017248	0.47931049606331416	0.3970316739865134
40923	0.067167736917575	0.5121050187987645	0.4207272442836601
40924	0.13469191999128832	0.821343288497699	0.04396479151101253
40925	0.15076775286953006	0.46519393516810437	0.3840383119623657
40926	0.021466926294341816	0.6979050649766279	0.2806280087290303
40927	0.5625697995455323	0.42121508825122506	0.016215112203242357
40928	0.7469694153353869	0.20880704624163524	0.044223538422977805
40929	0.17345605092493205	0.7819768629954423	0.04456708607962578
40930	0.6958467115735634	0.28041213720122976	0.02374115122520689
40931	0.16656339091252023	0.4651371320195831	0.3682994770678964
40932	0.2929170311748644	0.44291546912744695	0.26416749969768855
40933	0.005185973793278796	0.10992126487975186	0.8848927613269694
40934	0.2617760308784142	0.6098900829719078	0.12833388614967806
40935	0.315498053612868	0.6552555172384339	0.02924642914869783
40936	0.43747171663939033	0.5060607284274034	0.05646755493320644
40937	0.0835680651019979	0.518096685225468	0.3983352496725338
40938	0.10931479570560891	0.38672601402885826	0.5039591902655327
40939	0.40645579065758397	0.48808808274642623	0.10545612659598992
40940	0.1703483255332433	0.6021229991269227	0.22752867533983406
40941	0.3681074765672938	0.5559651315913627	0.07592739184134377
40942	0.15927638177265185	0.7845396568869782	0.05618396134036976
40943	0.08636292274299551	0.7520493106935838	0.16158776656342033
40944	0.2371063284529662	0.5363739987469418	0.22651967280009186
40945	0.021981299010660794	0.7245591133096202	0.2534595876797192
40946	0.26773345262222215	0.4827515094041919	0.24951503797358565
40947	0.4799563949824539	0.4757846947520144	0.0442589102655316
40948	0.5291219958863898	0.40384834593639946	0.06702965817721053
40949	0.11381259484493482	0.861331299837498	0.024856105317567097
40950	0.5458601446974581	0.41265154532089343	0.04148830998164861
40951	0.0958367370609504	0.6597508470776228	0.24441241586142676
40952	0.6400101295856793	0.2795228044709911	0.0804670659433297
40953	0.005384362066138665	0.3772667869583357	0.6173488509755256
40954	0.043581979897300664	0.4728438966584256	0.4835741234442734
40955	0.013090208589651658	0.12454992080034316	0.8623598706100053
40956	0.24846697679123705	0.4209712842921	0.33056173891666263
40957	0.07784858724412776	0.8556066164977197	0.06654479625815277
40958	0.02644789355342584	0.8571008318444283	0.11645127460214577
40959	0.050984802705059055	0.8877801345548542	0.061235062740086776
40960	0.2427007221502819	0.6897460427035322	0.06755323514618576
40961	0.001089011249038015	0.08101899569029108	0.9178919930606709
40962	0.0012634637671410246	0.10961690119270139	0.8891196350401576
40963	0.4901147159135819	0.34149954208112515	0.16838574200529283
40964	0.12601883861416371	0.8505740484725669	0.02340711291326952
40965	0.13383022830586364	0.8390539677369674	0.02711580395716887
40966	0.627220605981469	0.36464933225455914	0.008130061763971665
40967	0.03812241930723415	0.6320694973185021	0.32980808337426354
40968	0.39316010780224575	0.42798034212830754	0.17885955006944654
40969	0.13254339856717176	0.7630787631100421	0.10437783832278608
40970	0.07079810689078572	0.23183325926360665	0.6973686338456078
40971	0.048357538980018266	0.8996864074201625	0.05195605359981942
40972	0.040363200362435944	0.7061189447724648	0.2535178548650994
40973	0.04220143243028672	0.72771561026825	0.2300829573014632
40974	0.018453804997614346	0.7553369360342317	0.22620925896815405
40975	0.08771845695848868	0.8249465300031952	0.08733501303831653
40976	0.2964803063281364	0.6574608451509928	0.0460588485208708
40977	0.420440199710854	0.518554126453971	0.06100567383517528
40978	0.00956554612288663	0.9485375326333387	0.04189692124377447
40979	0.23308830534473682	0.6241035746335386	0.14280812002172458
40980	0.4474357140709462	0.3245582117573815	0.22800607417167235
40981	0.04925496719662086	0.8989127209878952	0.051832311815483985
40982	0.05160807300115886	0.5786632731196777	0.36972865387916337
40983	0.23012946521731328	0.7292635718073474	0.04060696297533912
40984	0.0907755040690412	0.5748979471466603	0.3343265487842985
40985	0.08291197587920132	0.6478439754991862	0.2692440486216126
40986	0.07007297583485017	0.7966255828060136	0.13330144135913577
40987	0.4408365558679888	0.526999926658426	0.03216351747358505
40988	0.039109673581218314	0.11766644422590523	0.8432238821928766
40989	0.2945841184749997	0.6860338550378701	0.01938202648713017
40990	0.016971243083933003	0.22503522759308475	0.7579935293229823
40991	0.009542703895047144	0.17103366937108955	0.8194236267338633
40992	0.07388999034206394	0.6234433869467233	0.30266662271121275
40993	0.06881263702366057	0.7206966440167056	0.2104907189596335
40994	0.005010574090921604	0.15203854277439802	0.8429508831346804
40995	0.08356703519649182	0.8734823513633381	0.042950613440170385
40996	0.3375562473148421	0.5244248091244063	0.1380189435607518
40997	0.36868445799205246	0.5908490856256845	0.04046645638226291
40998	0.5665261589186145	0.39546017063761885	0.038013670443766495
40999	0.3119078842202738	0.5986728125448989	0.0894193032348272
41000	0.015303628442808446	0.7963345822835028	0.18836178927368882
41001	0.29736062853069956	0.6384042846381796	0.06423508683112068
41002	0.12747135331258105	0.8573540739786971	0.015174572708721744
41003	0.30095965688357945	0.5056636839893581	0.19337665912706242
41004	0.013275006912372565	0.16373786625537026	0.8229871268322572
41005	0.07080917873209625	0.8353683438278391	0.0938224774400648
41006	0.5948981366778696	0.36837330492133397	0.036728558400796515
41007	0.39970052990997323	0.5566822563963206	0.04361721369370628
41008	0.04259472445545799	0.5277631752984832	0.4296421002460589
41009	0.04354074668082466	0.4213964392646392	0.5350628140545364
41010	0.19530713417606874	0.6560781457303632	0.1486147200935682
41011	0.09544955175378078	0.6656510572690653	0.2388993909771541
41012	0.4846540459787768	0.49355210909449365	0.021793844926729634
41013	0.04466166119198044	0.5217176099676181	0.4336207288404014
41014	0.0013862809300951445	0.20391003372904054	0.7947036853408641
41015	0.2722533653645252	0.38400291994639857	0.3437437146890763
41016	0.26665976065493585	0.628007752003583	0.1053324873414807
41017	0.9535108517577303	0.04445155418609748	0.0020375940561721544
41018	0.9569025812840743	0.040751973561683225	0.0023454451542423522
41019	0.03922517972482644	0.4434655720468059	0.5173092482283678
41020	0.5891621112542524	0.3841202670323593	0.026717621713388512
41021	0.027717266149714218	0.6570184756982165	0.31526425815206954
41022	0.08085667576565105	0.29988337319839475	0.619259951035954
41023	0.023342143113524554	0.1674074484061706	0.8092504084803046
41024	0.00640445768941687	0.06317236867635269	0.9304231736342303
41025	0.23701797287485551	0.7540423864639505	0.008939640661194242
41026	0.07868613630652414	0.7958232168101147	0.12549064688336167
41027	0.06974834246016744	0.6783267479691788	0.2519249095706538
41028	0.164424235817223	0.7376423052119242	0.09793345897085273
41029	0.1447234764388139	0.7619371618533987	0.0933393617077874
41030	0.7369641816486925	0.25266514009250207	0.01037067825880543
41031	0.17327697966816724	0.6693245873316969	0.15739843300013576
41032	0.05038807205761331	0.29791917656182604	0.6516927513805608
41033	0.1550719489942352	0.47018737798379134	0.37474067302197384
41034	0.5277924188099956	0.4133144770535938	0.05889310413641057
41035	0.2196042616184071	0.5647894207822307	0.21560631759936233
41036	0.04722226703789542	0.2839280635670796	0.6688496693950251
41037	0.22044299420000288	0.6600869793750742	0.11947002642492277
41038	0.5640513895214008	0.37893615444659157	0.057012456032007726
41039	0.17554221104262824	0.5526488719136087	0.27180891704376314
41040	0.15977401326550328	0.7019150886026796	0.13831089813181696
41041	0.043380439711280375	0.29420247220300305	0.6624170880857165
41042	0.08181920647758545	0.7860268233983433	0.13215397012407115
41043	0.024721062656086458	0.7161521312710181	0.2591268060728954
41044	0.5063674563346464	0.47393302806478926	0.019699515600564616
41045	0.05676958750425127	0.6615116791668757	0.281718733328873
41046	0.11343332014879852	0.6669566212365671	0.2196100586146344
41047	0.6991433157210317	0.26259687154798356	0.038259812730984805
41048	0.4858318561374023	0.42331634147764624	0.09085180238495134
41049	0.18130391459038914	0.6812979255853046	0.13739815982430648
41050	0.4159341956859358	0.5266636933304614	0.05740211098360263
41051	0.4771437730031568	0.2848478890465276	0.23800833795031587
41052	0.6805587592101087	0.310227253923983	0.009213986865908446
41053	0.7397981204473738	0.21377382846341866	0.04642805108920748
41054	0.7705395518718596	0.20693074840115996	0.022529699726980264
41055	0.07365167858557037	0.3545322887510363	0.5718160326633931
41056	0.003244115980973802	0.4440803559423386	0.5526755280766877
41057	0.12393648153404127	0.5449536861192541	0.3311098323467046
41058	0.08514744270423902	0.7590690168206861	0.15578354047507484
41059	0.0023908353499351056	0.18767391314577817	0.8099352515042868
41060	0.4920895336097328	0.48802023920838256	0.01989022718188447
41061	0.6374173906072723	0.31766998960015175	0.044912619792575985
41062	0.09367985916830229	0.6454768214769184	0.2608433193547793
41063	0.12311448643778929	0.6490549491309522	0.22783056443125868
41064	0.08540452364156052	0.7365136333254224	0.17808184303301716
41065	0.06589276897379436	0.4459118078949532	0.4881954231312523
41066	0.03703037973927938	0.3864207260081595	0.5765488942525611
41067	0.030842969170021575	0.4867188889610506	0.4824381418689276
41068	0.043976795961086154	0.5571993037744697	0.39882390026444414
41069	0.48978056420301963	0.38668768587434627	0.12353174992263401
41070	0.09924438832171449	0.3942722841416021	0.5064833275366835
41071	0.18696471156226796	0.44008071623190037	0.37295457220583156
41072	0.7734099129723916	0.22117270698384728	0.0054173800437610775
41073	0.13919879049472086	0.7789432702215651	0.0818579392837142
41074	0.08599744185788226	0.6077045972030196	0.30629796093909817
41075	0.13162473326659271	0.8024466486755458	0.06592861805786189
41076	0.16507396180628503	0.476008475918271	0.35891756227544386
41077	0.8709003968958947	0.11490715454095358	0.014192448563151714
41078	0.018609468271069726	0.6587695946759722	0.3226209370529581
41079	0.3111709242569146	0.6630051087019845	0.02582396704110075
41080	0.23991030357034057	0.6822556269673891	0.07783406946227073
41081	0.05359142752438709	0.5686280331259081	0.37778053934970474
41082	0.07021119753262	0.694306968869031	0.23548183359834926
41083	0.01934104105563641	0.8585695310450707	0.12208942789929306
41084	0.722993698015199	0.21812470987405164	0.058881592110749816
41085	0.012723619026655968	0.8508251796287581	0.13645120134458566
41086	0.5433174253451374	0.34539837209987595	0.1112842025549866
41087	0.09214177232120868	0.2635734128317635	0.6442848148470278
41088	0.042650484502673426	0.5286590630394019	0.42869045245792486
41089	0.32770187105974297	0.4250188012040927	0.2472793277361643
41090	0.5764141458481677	0.3878988466439094	0.03568700750792305
41091	0.01489124863228165	0.1923527544466932	0.7927559969210254
41092	0.13952604436862304	0.4359578171106697	0.4245161385207069
41093	0.26744272615972625	0.6096245661883861	0.1229327076518876
41094	0.574360448368563	0.37967586846607143	0.04596368316536527
41095	0.194487435081749	0.7983982839364856	0.007114280981765442
41096	0.13307460287904543	0.7834594108384072	0.08346598628254764
41097	0.19782374663457497	0.7913609092611604	0.010815344104264638
41098	0.6594020471767619	0.2760205884146139	0.06457736440862416
41099	0.09441971425293749	0.5820922708304881	0.3234880149165744
41100	0.017080274776324723	0.2807210419457426	0.7021986832779324
41101	0.15063966186791974	0.7076335562563583	0.14172678187572194
41102	0.03919941366425315	0.6512179320660957	0.3095826542696514
41103	0.058882018451471056	0.7089694267046219	0.23214855484390667
41104	0.15781645522104343	0.8132184835224687	0.028965061256487706
41105	0.6336142527257863	0.3445140783777926	0.021871668896421174
41106	0.11851052765066658	0.7615989669164851	0.1198905054328483
41107	0.17260287952933645	0.42525598470320564	0.40214113576745775
41108	0.014224680973016861	0.10257386329981327	0.8832014557271699
41109	0.5243001114966135	0.41331007175712914	0.06238981674625734
41110	0.3738249967058337	0.6013038791465324	0.024871124147633844
41111	0.010723762720235883	0.6571465544305207	0.3321296828492431
41112	0.22667424288675583	0.7235410229305749	0.04978473418266903
41113	0.1075594613001995	0.5057299247479015	0.3867106139518992
41114	0.6328763281004456	0.3586155493927014	0.008508122506852914
41115	0.849632865576921	0.13395622549005015	0.01641090893302899
41116	0.36099493187457515	0.6120849134946309	0.026920154630794176
41117	0.023484699728958752	0.13256333503754603	0.8439519652334954
41118	0.4991043993305609	0.4392602548024429	0.0616353458669963
41119	0.07384661777560454	0.264029540929938	0.6621238412944576
41120	0.7838799273611677	0.19129453644169014	0.02482553619714213
41121	0.027929022414725523	0.18842533569250838	0.7836456418927661
41122	0.7768251337237416	0.17674516199247764	0.04642970428378104
41123	0.08782818818659749	0.49222008083314966	0.4199517309802529
41124	0.170785066948837	0.4487895331065514	0.3804253999446115
41125	0.22351471561692107	0.7604144397492005	0.016070844633878534
41126	0.2946206494878327	0.6834279568154534	0.02195139369671419
41127	0.35632253473385384	0.6260896959188935	0.017587769347252466
41128	0.11390794521392901	0.8337141733742948	0.0523778814117762
41129	0.008490228751778855	0.5842397699213489	0.40727000132687247
41130	0.02553124813944158	0.4132616582381568	0.5612070936224016
41131	0.0985403559028908	0.5504554189392219	0.3510042251578869
41132	0.33663546221723484	0.6268739249039275	0.036490612878837654
41133	0.04141385682656251	0.14762085730116947	0.8109652858722681
41134	0.026244891267757395	0.8708879175757575	0.10286719115648521
41135	0.16806377399982933	0.43702798656064873	0.39490823943952225
41136	0.0932930456037479	0.5906897269967736	0.31601722739947824
41137	0.5486584908907833	0.4092567124178623	0.04208479669135415
41138	0.046949264264499066	0.4365953606525154	0.5164553750829854
41139	0.052483727397802174	0.32606865995385487	0.6214476126483428
41140	0.6141344440897939	0.3343908278277121	0.05147472808249396
41141	0.057993012844599935	0.27187310149271293	0.670133885662687
41142	0.31095250683485887	0.6710990069175821	0.017948486247559032
41143	0.16759269879472666	0.7022259271545164	0.13018137405075694
41144	0.4375448509980952	0.5403837228908963	0.022071426111008405
41145	0.15872328836996927	0.5786519282061163	0.26262478342391427
41146	0.3499160692365305	0.4782482836424148	0.17183564712105484
41147	0.015473454816269267	0.26741144036860753	0.7171151048151232
41148	0.09362682967726374	0.7837093022598268	0.12266386806290948
41149	0.19198706512143282	0.7343738941037065	0.07363904077486086
41150	0.5186270633474459	0.3961657973499691	0.08520713930258535
41151	0.25178223242155684	0.7321489919651367	0.016068775613306455
41152	0.016452558622653175	0.2602406880537046	0.7233067533236421
41153	0.07945115143991653	0.6121997241332563	0.3083491244268269
41154	0.8905169418681413	0.107541425534515	0.00194163259734367
41155	0.40848241220786247	0.5347777692758273	0.056739818516310186
41156	0.15272806096866756	0.4715595207318787	0.3757124182994537
41157	0.031117689719155215	0.5680278019616605	0.4008545083191843
41158	0.09816895783970829	0.5199677807050661	0.38186326145522537
41159	0.08131843443775126	0.7433406824956078	0.17534088306664128
41160	0.5332083027696689	0.4279542013131483	0.03883749591718269
41161	0.06110712204476915	0.36069385564416556	0.578199022311065
41162	0.09875376341859926	0.49633331897402067	0.4049129176073802
41163	0.0002917423523850105	0.022142163100667647	0.9775660945469474
41164	0.00039021079170461457	0.024511388733516975	0.9750984004747785
41165	0.44667274424180037	0.42655381557966787	0.12677344017853165
41166	0.5332633254620144	0.3720507457576104	0.09468592878037534
41167	0.2073814751434806	0.7766020815553498	0.016016443301169542
41168	0.807269540045685	0.15273932039394605	0.03999113956036903
41169	0.6029096935065223	0.3632756053502718	0.03381470114320566
41170	0.3761101455570663	0.5975359087256679	0.026353945717265754
41171	0.22437062809351824	0.7144815488666304	0.061147823039851314
41172	0.00873223032373423	0.45647166686768775	0.5347961028085781
41173	0.7882135137667007	0.18665182038842085	0.025134665844878473
41174	0.0036299627004038543	0.2502227899169565	0.7461472473826399
41175	0.31944884490435493	0.6517966783654705	0.028754476730174623
41176	0.26615881035196726	0.7007742844645436	0.033066905183489204
41177	0.007236668390264526	0.19364473022108755	0.799118601388648
41178	0.7709087970527376	0.15568573795401028	0.07340546499325187
41179	0.21316763919562604	0.4051485268716023	0.3816838339327716
41180	0.054760744007391865	0.4733466811884649	0.4718925748041433
41181	0.12103854573797491	0.7870096673496352	0.0919517869123899
41182	0.16427377810316765	0.7758413803086909	0.05988484158814139
41183	0.01612123570565161	0.3087703068451559	0.6751084574491923
41184	0.1451240232706698	0.8445629770946431	0.010312999634686886
41185	0.3300506979252263	0.6629122964333687	0.0070370056414053245
41186	0.7197543774518488	0.268876669717915	0.011368952830236262
41187	0.003693976775087727	0.16801577641540172	0.8282902468095104
41188	0.18972685271093415	0.673870299463005	0.1364028478260609
41189	0.4229106373821307	0.5557803884421822	0.021308974175686952
41190	0.07118989470792902	0.8993964821503665	0.02941362314170417
41191	0.06687933760151898	0.5296504263137125	0.40347023608476856
41192	0.04104508887127849	0.49349368237964597	0.4654612287490756
41193	0.33412105771967543	0.6071144436286772	0.058764498651647366
41194	0.14577794739396702	0.44175114639506863	0.4124709062109645
41195	0.8379201515647305	0.12690392651910304	0.03517592191616613
41196	0.010809489137335527	0.6733479663100108	0.3158425445526532
41197	0.2978571997248215	0.5203365513372646	0.18180624893791364
41198	0.30975953206077994	0.3692159803162122	0.3210244876230076
41199	0.004781849331509076	0.1533858447548794	0.8418323059136115
41200	0.014600167354859148	0.5233208659245288	0.46207896672061227
41201	0.01898760715593792	0.5794379979250858	0.40157439491897645
41202	0.0029585099013622815	0.08218393292924848	0.9148575571693891
41203	0.006829828329091587	0.15415736901705596	0.8390128026538523
41204	0.7629883066165466	0.22691524741532118	0.010096445968132165
41205	0.0677729151895373	0.5242249448863495	0.4080021399241128
41206	0.32435001836190464	0.20251439430206256	0.4731355873360326
41207	0.45847494944387723	0.5366264883565979	0.004898562199524914
41208	0.015231109626961602	0.7800973813408814	0.20467150903215714
41209	0.24737106522568858	0.5761855407558822	0.17644339401842904
41210	0.035087739648371245	0.18491296942151897	0.7799992909301097
41211	0.025810097764186274	0.2615234625830272	0.7126664396527864
41212	0.18543116671081977	0.3962183040778062	0.418350529211374
41213	0.036058848895336955	0.6970703962452459	0.2668707548594169
41214	0.08369512351294021	0.7483470765236526	0.167957799963407
41215	0.22897253073275733	0.5562111626385765	0.21481630662866616
41216	0.05687564155487262	0.309721772114062	0.6334025863310655
41217	0.3387928802263434	0.641555939531103	0.01965118024255375
41218	0.2428434407122696	0.5388152248575527	0.2183413344301776
41219	0.00503575276493589	0.1492541845605171	0.8457100626745471
41220	0.7280360487080094	0.2646920666298964	0.007271884662094134
41221	0.4018698423987361	0.4802496695643351	0.11788048803692877
41222	0.1404427577048221	0.8326519602940875	0.026905282001090294
41223	0.18059623009125655	0.8028995755001802	0.016504194408562985
41224	0.015136881316685741	0.4258993041792687	0.5589638145040454
41225	0.009078103002625197	0.31283970642469977	0.678082190572675
41226	0.07698757418045657	0.790061399095935	0.13295102672360812
41227	0.24409301912997775	0.624623409436146	0.13128357143387626
41228	0.3699537606318875	0.573606314622373	0.05643992474573911
41229	0.08489564084710928	0.8211085075133351	0.09399585163955591
41230	0.8644389844912063	0.11127395605685958	0.02428705945193377
41231	0.7239852621509766	0.20760113706685138	0.06841360078217197
41232	0.004195123936864721	0.09812404103006697	0.8976808350330682
41233	0.01329303287637554	0.26697189431175194	0.7197350728118725
41234	0.6155353308888	0.23487422824375898	0.1495904408674413
41235	0.20226147262594465	0.770706896791657	0.027031630582398214
41236	0.04182970948356833	0.8830096906956636	0.07516059982076832
41237	0.4723502484455648	0.40529874393773957	0.12235100761669553
41238	0.35546368210929935	0.6107391197027549	0.033797198187945826
41239	0.6050157199490258	0.3609688687428671	0.03401541130810729
41240	0.8699629276807413	0.11976322219752483	0.0102738501217336
41241	0.19541415523033653	0.5884969651258167	0.21608887964384682
41242	0.509216153051654	0.3532722581014678	0.13751158884687797
41243	0.5961599739863298	0.31430524452138103	0.08953478149228924
41244	0.74052975799114	0.2548060005678123	0.004664241441048014
41245	0.14099485547367874	0.5001179421645359	0.3588872023617854
41246	0.644973315001521	0.33012155651428177	0.024905128484197445
41247	0.024902373564019274	0.37085721383561854	0.6042404126003621
41248	0.0713754674986559	0.5480798053062124	0.38054472719513194
41249	0.057372095103066956	0.7576008736655748	0.18502703123135808
41250	0.5177507942804299	0.2992505827060627	0.1829986230135074
41251	0.15541326274353032	0.7399661798100142	0.10462055744645547
41252	0.07048457221921234	0.7266240275581232	0.20289140022266453
41253	0.08569608095635686	0.7426756197712462	0.17162829927239692
41254	0.2927686359068096	0.6939320586135058	0.013299305479684664
41255	0.0901040804244029	0.4637230215320155	0.44617289804358123
41256	0.12101357603380752	0.4438940506562308	0.4350923733099616
41257	0.021042539368667477	0.6577999773121705	0.32115748331916205
41258	0.1487536018054006	0.8105342111767111	0.04071218701788809
41259	0.011406260567854314	0.4499957090266515	0.538598030405494
41260	0.22659641109954476	0.5803936199229192	0.19300996897753617
41261	0.29725141450273845	0.6060634565645729	0.09668512893268831
41262	0.37319600993400476	0.3646694393139172	0.2621345507520779
41263	0.2527129555502616	0.6987596379836958	0.04852740646604256
41264	0.14042949423464676	0.6120031601388978	0.2475673456264553
41265	0.23783159671553009	0.5727536087077733	0.18941479457669655
41266	0.01254251886580914	0.7440697972407413	0.24338768389344959
41267	0.07256287548199024	0.2100075899260734	0.7174295345919365
41268	0.7374948493153508	0.2550858366057007	0.007419314078948253
41269	0.28556412295440914	0.6286061446322507	0.08582973241334006
41270	0.0505494913033261	0.5143609297467117	0.43508957894996225
41271	0.024924959407826634	0.3464264216905691	0.6286486189016046
41272	0.03430848017554058	0.3259353695858369	0.6397561502386225
41273	0.15032651365058733	0.7857114738678442	0.0639620124815683
41274	0.09441341968641044	0.6086106817514876	0.2969758985621019
41275	0.08260681832670672	0.5557459437359187	0.3616472379373746
41276	0.10475878495314839	0.34082114884632875	0.5544200662005229
41277	0.1930017720240093	0.6407564117709786	0.1662418162050121
41278	0.1479557698394626	0.41543483575746115	0.43660939440307633
41279	0.06449579482450697	0.5289861110172509	0.4065180941582417
41280	0.6079480718932747	0.34252485176812336	0.049527076338601865
41281	0.08814419378953982	0.7467444696401981	0.16511133657026206
41282	0.599644826129699	0.3668144557574296	0.033540718112871605
41283	0.15516588948494478	0.8300847187731328	0.014749391741922344
41284	0.020242298771770993	0.4299683617103924	0.5497893395178368
41285	0.3128472097096413	0.5921634856160257	0.09498930467433321
41286	0.3606151003056065	0.5485195382382431	0.09086536145615046
41287	0.06517961512137208	0.866976428767758	0.06784395611086973
41288	0.2952924607559386	0.6823890983150134	0.02231844092904814
41289	0.34656933966930403	0.5152489039745243	0.1381817563561716
41290	0.5240551188046638	0.36073501044043416	0.11520987075490187
41291	0.036768454026830204	0.5349173182459996	0.4283142277271704
41292	0.0393931563824284	0.32490082023380784	0.6357060233837636
41293	0.012926228310012675	0.2118426800852255	0.7752310916047618
41294	0.016998727625245822	0.3005785673472144	0.6824227050275398
41295	0.07935507717242783	0.6144636352075437	0.30618128762002844
41296	0.04687469283648379	0.4559761004999629	0.49714920666355344
41297	0.07024899889279654	0.28645741602138947	0.6432935850858141
41298	0.05732204006707709	0.3157223257896197	0.626955634143303
41299	0.13406169350145958	0.8491293578237853	0.016808948674755096
41300	0.14335596573669246	0.3986054409862749	0.45803859327703234
41301	0.009840608264410943	0.23412058791259385	0.7560388038229954
41302	0.6192435057578911	0.36382109025315246	0.016935403988956318
41303	0.6032138101176652	0.23752828785189453	0.15925790203044002
41304	0.35717285362817575	0.6127705051347254	0.03005664123709864
41305	0.15531543942614284	0.8251060365717836	0.019578524002073355
41306	0.37019822652664386	0.4772765596566351	0.15252521381672085
41307	0.27758333804221264	0.709170079509911	0.013246582447876123
41308	0.14407819622351464	0.8487943620868992	0.007127441689586234
41309	0.007147549460393917	0.32314144743845613	0.6697110031011501
41310	0.5286070231725503	0.2551831937497389	0.21620978307771052
41311	0.3214540056328138	0.4250654150974446	0.2534805792697412
41312	0.04678371132802063	0.28890372599382214	0.6643125626781575
41313	0.055119331424354434	0.8937719074956839	0.05110876107996178
41314	0.09184262591494047	0.3750397505092124	0.5331176235758467
41315	0.17164723770831453	0.780335337117082	0.04801742517460354
41316	0.1969124819691444	0.7608094688857308	0.0422780491451248
41317	0.12137249488940602	0.8694541791532439	0.009173325957350056
41318	0.022139610313559998	0.7908959715000055	0.18696441818643436
41319	0.24292112050581155	0.42189746386887356	0.3351814156253148
41320	0.566320726137135	0.3971506144017437	0.03652865946112147
41321	0.601514242633358	0.3823484614365018	0.016137295930140173
41322	0.6180033812376666	0.323287656302607	0.05870896245972646
41323	0.002497765377441679	0.06752566138296609	0.9299765732395922
41324	0.0016482875685249244	0.056723183975240336	0.9416285284562348
41325	0.6169729337764654	0.35256254358459105	0.030464522638943392
41326	0.11859223990387467	0.43249111861291845	0.44891664148320637
41327	0.12896929877357663	0.7300765519243679	0.1409541493020558
41328	0.6885840677772617	0.2520597724343443	0.059356159788393835
41329	0.11767734981427844	0.7006410901637732	0.18168156002194807
41330	0.17376442043220575	0.5048481452885425	0.3213874342792516
41331	0.22141194874458792	0.555093933952428	0.22349411730298402
41332	0.17276666078160288	0.6620156099238647	0.1652177292945324
41333	0.6416019974688603	0.3501910025391013	0.00820699999203849
41334	0.14593876780358744	0.7500226453746986	0.10403858682171406
41335	0.03127510300504416	0.27829856652028284	0.690426330474673
41336	0.06719071830848533	0.3958541154168714	0.5369551662746432
41337	0.7280290547617863	0.2620868374818497	0.009884107756363874
41338	0.11400141626795032	0.8150558711131992	0.07094271261885063
41339	0.08387644311166775	0.6824035208984821	0.2337200359898503
41340	0.030842558042779446	0.8914522242120402	0.07770521774518066
41341	0.07285542429630072	0.8650113066646775	0.06213326903902176
41342	0.12936067603554274	0.8430924878644486	0.02754683610000882
41343	0.3570107460286195	0.6357479934015635	0.007241260569817181
41344	0.049029345554211026	0.41403254559099256	0.5369381088547963
41345	0.24638501047128814	0.4450628552833517	0.3085521342453603
41346	0.14882704797951526	0.802667682689489	0.04850526933099586
41347	0.2415700487544642	0.6987884379315977	0.05964151331393812
41348	0.9678891130785876	0.027810286939942898	0.004300599981469385
41349	0.14049724604621638	0.79284518393144	0.06665757002234354
41350	0.03225315392106031	0.2742086508363347	0.6935381952426052
41351	0.04904815150937519	0.3635426042169302	0.5874092442736945
41352	0.033520392989524896	0.3414814768636117	0.6249981301468635
41353	0.2550622467344796	0.7283298718902909	0.01660788137522982
41354	0.3834597841013206	0.5833617909220244	0.033178424976655
41355	0.22017403074666692	0.5170513904383858	0.2627745788149473
41356	0.012856993122818343	0.18909088561991075	0.7980521212572708
41357	0.5644312365437505	0.2132890717979451	0.22227969165830444
41358	0.2601864600510584	0.44044673327874423	0.29936680667019755
41359	0.16415039370395834	0.7535044318863975	0.08234517440964421
41360	0.41059204346234307	0.5647880551621914	0.024619901375465672
41361	0.08297674320230299	0.3657312137497067	0.5512920430479902
41362	0.19847892366997347	0.7370220154817987	0.06449906084822803
41363	0.01718444979775173	0.1176849549691333	0.8651305952331146
41364	0.29280866512168513	0.6799292407646401	0.027262094113674466
41365	0.04977914017388133	0.17769506314507444	0.7725257966810438
41366	0.42677218167318764	0.5411673889137152	0.0320604294130971
41367	0.04338995943173267	0.9067148713055474	0.049895169262719745
41368	0.36351026054595614	0.5933190003463892	0.0431707391076546
41369	0.10674416833737914	0.47913785208622905	0.41411797957639157
41370	0.34534441017188877	0.6185235640474576	0.03613202578065366
41371	0.00674082815414156	0.3619295076038666	0.631329664241992
41372	0.07360883104476952	0.6578358788623083	0.26855529009292195
41373	0.016341856669483734	0.7695343236637724	0.21412381966674388
41374	0.04357585461342219	0.37090487080884227	0.5855192745777356
41375	0.06326966177219132	0.8315023768065362	0.10522796142127223
41376	0.15246081097460504	0.803456514507091	0.04408267451830405
41377	0.6510844302870322	0.30327591468474513	0.045639655028222446
41378	0.5943225408450877	0.36663141962495743	0.03904603952995491
41379	0.03786370521355232	0.3187243344115351	0.6434119603749123
41380	0.05648071971294903	0.429029059032323	0.5144902212547279
41381	0.10429578101219206	0.8785310247426082	0.01717319424519979
41382	0.13676710908860099	0.8476253919191811	0.015607498992217984
41383	0.08555566150102745	0.5090390689158028	0.4054052695831696
41384	0.04546746428665149	0.7662852930546631	0.18824724265868556
41385	0.6497624400259573	0.3058081710326905	0.04442938894135235
41386	0.17125042433768248	0.7457765374999028	0.0829730381624148
41387	0.1343369582150374	0.7882079170096296	0.07745512477533334
41388	0.6207213181336593	0.3062706096784404	0.07300807218790048
41389	0.6233475252611358	0.2084075179035952	0.16824495683526908
41390	0.0029663685083542394	0.10864595203954924	0.8883876794520965
41391	0.13172050557395193	0.8171082431981963	0.05117125122785195
41392	0.039136038593774104	0.23291829047794568	0.7279456709282804
41393	0.8638104218159175	0.11627393911759516	0.01991563906648693
41394	0.18598476527772698	0.7968591360014433	0.017156098720829984
41395	0.00521858055442373	0.07844056212300121	0.9163408573225748
41396	0.38332690526667695	0.5541437420169955	0.06252935271632751
41397	0.16423435623354918	0.7542713411527763	0.08149430261367441
41398	0.05602313918412083	0.7783363315894448	0.16564052922643438
41399	0.28100630212518063	0.6854065464745538	0.03358715140026573
41400	0.3374062744520673	0.6261349561834517	0.03645876936448111
41401	0.20572232916896016	0.5338373452627482	0.2604403255682918
41402	0.11917377115345361	0.6736977180442373	0.20712851080230904
41403	0.4123162251488485	0.5025639402708361	0.08511983458031522
41404	0.1174110782983637	0.35886038089166616	0.5237285408099698
41405	0.5659342064621085	0.3207758463849847	0.11328994715290709
41406	0.01300069458242978	0.23998181346874417	0.747017491948826
41407	0.012504212044644044	0.11939502627041844	0.8681007616849377
41408	0.4895047508070155	0.4287776054985584	0.08171764369442622
41409	0.12196557593048694	0.6705740037839946	0.2074604202855185
41410	0.04966713487160103	0.4814159010844664	0.46891696404393257
41411	0.02948348883406365	0.21149646683928938	0.7590200443266472
41412	0.32217620774735845	0.6170638943277308	0.06075989792491074
41413	0.589944820067198	0.3898797276955094	0.020175452237292408
41414	0.5491033272319641	0.42175353970893115	0.029143133059104643
41415	0.11501679229683553	0.7937655622272	0.09121764547596418
41416	0.6849841663963927	0.30044160212512505	0.014574231478482113
41417	0.6956263907437091	0.2952166913751744	0.009156917881116616
41418	0.7192279205256609	0.2640989758707488	0.01667310360359014
41419	0.0033390916125207583	0.08423594664012825	0.9124249617473511
41420	0.2557956386435926	0.6160335645648669	0.12817079679154075
41421	0.1275278127565528	0.7640818504481254	0.10839033679532177
41422	0.46951722123725464	0.32129744013471595	0.2091853386280294
41423	0.1748544493268615	0.41078907792102554	0.414356472752113
41424	0.1740731323555686	0.5571017566512447	0.2688251109931865
41425	0.0869139901162205	0.8053969863526329	0.1076890235311462
41426	0.5123345284701725	0.45437397521768386	0.03329149631214361
41427	0.016495661624999533	0.1733947917449983	0.8101095466300021
41428	0.25829323972572393	0.7048349061291618	0.036871854145114354
41429	0.014038456955594967	0.875615511791625	0.11034603125277985
41430	0.26986284918938636	0.6001354899633577	0.1300016608472559
41431	0.0843073992243126	0.8762274626233142	0.039465138152373284
41432	0.6804940841900088	0.2812095664532032	0.03829634935678808
41433	0.03244752672806802	0.36850887898670365	0.5990435942852284
41434	0.778669645004462	0.2155499033725354	0.005780451623002507
41435	0.7014952573582075	0.28510080997994336	0.01340393266184911
41436	0.027430380250109986	0.21903534480263262	0.7535342749472573
41437	0.034515814534945635	0.1913954298006295	0.7740887556644251
41438	0.6919479995483098	0.28463434291487283	0.023417657536817526
41439	0.0477750136835607	0.35684920643507545	0.5953757798813637
41440	0.05180192564604472	0.42724284722416955	0.5209552271297858
41441	0.2871415531678847	0.6529619577981902	0.05989648903392502
41442	0.0023850285920640553	0.14524502888327412	0.852369942524662
41443	0.40919397048723305	0.2817789021963622	0.3090271273164045
41444	0.44066245090879613	0.37404404633514415	0.1852935027560601
41445	0.13732348664858116	0.8099285744963911	0.05274793885502788
41446	0.5532393162148194	0.4225048969429323	0.024255786842248394
41447	0.5755504746868071	0.3400587187151224	0.0843908065980704
41448	0.049441843398607556	0.8492594486581903	0.10129870794320218
41449	0.03503232057049588	0.9114753033358535	0.05349237609365066
41450	0.6035414698305173	0.34549312397878573	0.050965406190697
41451	0.7037581991609514	0.22975824229537417	0.06648355854367437
41452	0.005669112890037327	0.22878038656257235	0.7655505005473903
41453	0.25955423670630257	0.4497262350459935	0.2907195282477041
41454	0.1997910036851648	0.527088919805118	0.27312007650971726
41455	0.21715968409802852	0.4943997781560412	0.28844053774593037
41456	0.48665832028722844	0.357039593405703	0.15630208630706852
41457	0.3329817014222956	0.6496119150304007	0.017406383547303863
41458	0.12542460200192987	0.6247800385462637	0.24979535945180625
41459	0.291622623978879	0.41384128634351064	0.2945360896776102
41460	0.2703099252955687	0.5840043206576914	0.14568575404673997
41461	0.9037630308339499	0.08683435755047933	0.009402611615570782
41462	0.7101825494553702	0.28629642839345315	0.0035210221511768175
41463	0.0364934371461175	0.542689917404467	0.42081664544941527
41464	0.6320136579447659	0.33172070031536527	0.036265641739868466
41465	0.23112123957355504	0.5928894956254814	0.17598926480096314
41466	0.17257997764573402	0.6224776240245455	0.20494239832972036
41467	0.0328441678528731	0.8700504428921471	0.09710538925498019
41468	0.48268868602213544	0.446244139088517	0.07106717488934754
41469	0.06724957737136221	0.820648656552586	0.1121017660760519
41470	0.2906227468932435	0.449854599238889	0.2595226538678678
41471	0.15553574893285807	0.7697001550927048	0.07476409597443703
41472	0.0626223847934144	0.7417608903809404	0.19561672482564493
41473	0.7493035338471887	0.23678445315946842	0.013912012993343085
41474	0.1420934285864003	0.8264055102063843	0.03150106120721573
41475	0.06276872538423095	0.4749630442098482	0.4622682304059208
41476	0.24265602548011528	0.7397500957682094	0.017593878751675417
